0 0.4927395505311188 0.09493147303810547 0.5478902158199229 0.14917802905988
0 0.3950957496919246 0.15528076661232965 0.14284926419067304 0.04204108091687525
0 0.6708490761359452 0.18986294607621093 0.29293140251758254 0.11391776764572654
0 0.3761094550843035 0.2176643060373704 0.19528760167838835 0.05289039212123015
0 0.5162463914738877 0.29021907471649383 0.6310682683866439 0.10578078424246033
0 0.5144381729398286 0.37294507264970006 0.5876710235692242 0.043397244817419606
0 0.5632600733594257 0.42854779257201897 0.428547792572019 0.043397244817419675
0 0.5180546100079468 0.4841505124943379 0.45386285204884685 0.03797258921524218
0 0.5361367953485383 0.5390751504663847 0.5370409046155679 0.08543832573429491
0 0.5587395270242779 0.6116299191455081 0.38334232922054023 0.046109572618508426
0 0.5243833748771539 0.6822860562945275 0.7449860360323705 0.14944925770130518
0 0.513534063672799 0.8467534792384871 0.24230128356392633 0.05967121162395202
0 0.7232874136236606 0.7904726773658959 0.21698622408709817 0.031191769712520453
0 0.4818902393267637 0.9267671493706047 0.6310682683866438 0.09764380083919426
0 0.46380036271889147 0.8142055456254235 0.44661459537805065 0.18172596267294516
