0 0.12251805054151622 0.427797833935018 0.1665162454873646 0.6895306859205776
0 0.2606046931407942 0.32310469314079426 0.06633574007220211 0.4187725631768954
0 0.3567238267148014 0.32942238267148016 0.08258122743682311 0.38808664259927794
0 0.4724729241877256 0.31498194945848373 0.05956678700361003 0.427797833935018
0 0.5591155234657039 0.30324909747292417 0.0703971119133574 0.40433212996389883
0 0.8691335740072202 0.24097472924187724 0.23014440433212982 0.3267148014440433
0 0.7791064981949458 0.6985559566787003 0.15027075812274376 0.18772563176895304
1 0.30866425992779783 0.6227436823104694 0.10288808664259921 0.11552346570397105
1 0.424413357400722 0.6055956678700362 0.0988267148014441 0.08844765342960287
1 0.5496389891696751 0.6064981949458483 0.0839350180505415 0.10469314079422382
1 0.6457581227436822 0.5676895306859205 0.08664259927797836 0.1173285198555957
1 0.6423736462093862 0.7157039711191336 0.07445848375451256 0.10649819494584832
1 0.5550541516245486 0.7148014440433212 0.051444043321299586 0.07581227436823113
1 0.47924187725631767 0.7247292418772563 0.05685920577617331 0.07761732851985556
1 0.38853790613718403 0.7229241877256317 0.05956678700361017 0.0703971119133574
1 0.3073104693140794 0.7653429602888088 0.06768953068592058 0.10108303249097475
1 0.6308664259927796 0.16787003610108303 0.08664259927797836 0.10469314079422382
1 0.7120938628158844 0.15703971119133572 0.04873646209386294 0.08303249097472921
1 0.7080324909747293 0.2536101083032491 0.04332129963898908 0.0776173285198556
1 0.6430505415162454 0.332129963898917 0.029783393501805124 0.14079422382671486
1 0.6796028880866425 0.34386281588447654 0.05144404332129952 0.07761732851985556
1 0.6958483754512634 0.4431407942238267 0.07581227436823099 0.0487364620938628
1 0.7838447653429603 0.47743682310469315 0.06498194945848368 0.03790613718411549
1 0.7696299638989168 0.5469314079422383 0.06904332129963904 0.04332129963898915
