0 0.39590854392298425 0.08122743682310471 0.7003610108303248 0.14801444043321302
0 0.41155234657039697 0.15703971119133575 0.6835138387484956 0.14440433212996392
0 0.41395908543922977 0.24548736462093865 0.6113116726835137 0.10469314079422382
0 0.36462093862815875 0.3185920577617329 0.47894103489771356 0.06317689530685917
0 0.6630565583634174 0.3971119133574007 0.09386281588447659 0.18411552346570395
0 0.3574007220216606 0.36191335740072206 0.4452466907340553 0.06678700361010832
0 0.2515042117930204 0.4305054151624549 0.2190132370637785 0.0487364620938628
0 0.4981949458483754 0.43231046931407946 0.25030084235860406 0.0595667870036101
0 0.42839951865222614 0.5171480144404331 0.5776173285198555 0.10288808664259924
0 0.37665463297232243 0.5740072202166064 0.5078219013237063 0.03971119133574007
0 0.6546329723225028 0.6110108303249098 0.13477737665463294 0.03429602888086649
0 0.44283995186522257 0.654332129963899 0.6401925391095066 0.05595667870036102
0 0.4717193701932195 0.749097472924188 0.7845939750434787 0.126353790613719
0 0.2876052948255114 0.9070397111913358 0.3200962695547533 0.14981949458483768
0 0.5655981151556487 0.8267148014440434 0.4765342960288808 0.1010830324909746
