1 0.27436823104693137 0.08935018050541516 0.2310469314079422 0.11371841155234658
1 0.23586040914560769 0.18411552346570395 0.07701564380264739 0.1046931407942238
1 0.26594464500601683 0.28610108303249093 0.22382671480144406 0.08483754512635379
1 0.4801444043321299 0.13898916967509026 0.06979542719614912 0.07220216606498195
1 0.2382671480144404 0.3736462093862816 0.25030084235860406 0.0685920577617329
1 0.17328519855595664 0.4503610108303249 0.09626955475330924 0.05234657039711195
1 0.3297232250300842 0.4602888086642599 0.1636582430806257 0.05776173285198553
1 0.17328519855595664 0.5388086642599278 0.11070998796630564 0.03790613718411564
1 0.3200962695547533 0.5424187725631769 0.1299638989169675 0.05234657039711187
1 0.1720818291215403 0.618231046931408 0.08904933814681104 0.05234657039711202
1 0.2912154031287605 0.6209386281588448 0.10108303249097475 0.03971119133574007
1 0.17809867629362214 0.7030685920577616 0.10589651022864018 0.03790613718411564
1 0.299638989169675 0.7084837545126353 0.06016847172081821 0.04512635379061379
1 0.1720818291215403 0.8059566787003609 0.08904933814681104 0.052346570397111804
1 0.28760529482551134 0.7924187725631768 0.10348977135980743 0.06859205776173283
1 0.4055354993983153 0.6949458483754511 0.08904933814681108 0.18050541516245475
1 0.51985559566787 0.6389891696750903 0.0914560770156438 0.054151624548736524
1 0.45848375451263534 0.490072202166065 0.07942238267148007 0.17148014440433207
1 0.48134777376654625 0.2879061371841155 0.07701564380264742 0.1787003610108303
1 0.5607701564380264 0.1868231046931408 0.06738868832731647 0.20036101083032495
1 0.6137227558463336 0.17148014440433207 0.05777042143995974 0.12996389891696744
1 0.5631783434048548 0.3889891696750904 0.07220506226097309 0.1859205776173286
1 0.6510228640192538 0.3799638989169675 0.11793020457280394 0.18231046931407938
1 0.6389891696750903 0.5442238267148014 0.07460890493381464 0.1425992779783394
1 0.5403128760529482 0.5388086642599279 0.06979542719614919 0.0703971119133574
1 0.5210589651022863 0.7445848375451263 0.07460890493381477 0.12093862815884492
1 0.6137184115523465 0.7247292418772563 0.09626955475330924 0.1750902527075813
1 0.734055354993983 0.8655234657039711 0.0866425992779783 0.0667870036101084
1 0.7533092659446449 0.7752707581227437 0.10108303249097475 0.06317689530685926
1 0.730445246690734 0.6931407942238268 0.12274368231046935 0.0974729241877256
1 0.7581227436823105 0.5929602888086642 0.13477737665463294 0.06678700361010832
1 0.7725631768953067 0.4918772563176896 0.1299638989169675 0.06317689530685917
1 0.7882069795427193 0.3799638989169675 0.1083032490974729 0.09927797833935018
1 0.7930204572803851 0.2806859205776173 0.161251504211793 0.07400722021660652
1 0.7954387809331827 0.14891696750902528 0.14197442369319963 0.1173285198555957
