0 0.1556859205776173 0.6083032490974729 0.23555956678700354 0.2635379061371841
0 0.5652075812274368 0.4855595667870036 0.1367328519855595 0.8303249097472925
0 0.8779332129963897 0.20848375451263543 0.1773465703971118 0.25090252707581234
0 0.6789284667363316 0.3817689530685921 0.0690433212996389 0.4927797833935019
0 0.7486462093862815 0.3989169675090253 0.0595667870036101 0.4945848375451263
0 0.3330324909747292 0.6362815884476535 0.07310469314079424 0.4350180505415163
0 0.46502707581227426 0.7229241877256318 0.16922382671480143 0.2148014440433213
0 0.24029783393501802 0.1904332129963899 0.33980144404332124 0.07761732851985563
1 0.10559566787003609 0.2951263537906137 0.03790613718411553 0.09927797833935018
1 0.23759025270758122 0.24187725631768955 0.1069494584837545 0.05054151624548741
1 0.17193233567594382 0.3691335740072202 0.0947671984276999 0.10649819494584835
1 0.3831227436823104 0.30505415162454874 0.0703971119133574 0.09386281588447655
1 0.4528429602888086 0.16425992779783394 0.0744584837545127 0.06498194945848373
1 0.48939530685920574 0.37364620938628157 0.10965703971119133 0.10108303249097475
1 0.3973375451263538 0.4296028880866426 0.09341155234657038 0.1191335740072202
1 0.4880415162454873 0.5487364620938628 0.09070397111913352 0.10830324909747296
1 0.2809115523465704 0.3510830324909747 0.10424187725631767 0.13898916967509023
1 0.26805054151624547 0.7851985559566788 0.08935018050541511 0.05776173285198567
1 0.1631317689530686 0.7906137184115524 0.0934115523465704 0.050541516245487514
1 0.6823104693140795 0.7436823104693141 0.06227436823104696 0.07581227436823099
1 0.7540613718411552 0.7490974729241877 0.0595667870036101 0.10108303249097475
1 0.8562725631768953 0.7436823104693141 0.10153429602888096 0.11552346570397119
1 0.8264891696750902 0.6254512635379061 0.07445848375451262 0.09205776173285202
1 0.8684566787003609 0.5342960288808665 0.06362815884476532 0.08303249097472915
1 0.8583032490974728 0.42057761732851984 0.09476534296028888 0.06498194945848368
