0 0.14079422382671478 0.24458483754512636 0.23555956678700354 0.3555956678700361
0 0.33980144404332124 0.3203971119133574 0.1083032490974729 0.4061371841155234
0 0.4921028880866426 0.4296028880866426 0.3777075812274368 0.6606498194945849
0 0.8711642599277977 0.315884476534296 0.207129963898917 0.407942238267148
0 0.825812274368231 0.7084837545126353 0.16516245487364628 0.20758122743682306
0 0.7547382671480145 0.5794223826714802 0.2964801444043321 0.23465703971119126
1 0.10221119133574007 0.37093862815884476 0.10153429602888085 0.10288808664259932
1 0.17599277978339348 0.49729241877256314 0.08122743682310465 0.08483754512635379
1 0.25654332129963897 0.1759927797833935 0.10424187725631764 0.12093862815884475
1 0.26195848375451264 0.2870036101083032 0.08528880866425989 0.05776173285198553
1 0.45622743682310474 0.1967509025270758 0.10288808664259924 0.07581227436823104
1 0.4264440433212996 0.3528880866425993 0.0974729241877256 0.11732851985559567
1 0.7324007220216606 0.13989169675090252 0.06768953068592054 0.08483754512635379
1 0.7452617328519855 0.27888086642599275 0.06633574007220218 0.07400722021660648
1 0.6410198555956679 0.35018050541516244 0.07175090252707583 0.05415162454873645
1 0.7520306859205776 0.417870036101083 0.08528880866425993 0.0703971119133574
1 0.6498194945848375 0.7653429602888088 0.08122743682310464 0.10469314079422375
1 0.5591155234657039 0.76985559566787 0.05415162454873645 0.0703971119133574
1 0.2991877256317689 0.8176895306859205 0.08122743682310468 0.11191335740072204
1 0.20848375451263534 0.7671480144404333 0.09205776173285198 0.1083032490974729
1 0.15703971119133572 0.6263537906137184 0.06768953068592057 0.12274368231046921
1 0.23082129963898915 0.6263537906137183 0.0717509025270758 0.07220216606498205
1 0.3073104693140794 0.5685920577617329 0.06498194945848372 0.06859205776173283
