0 0.09814981949458482 0.5658844765342961 0.11236462093862815 0.572202166064982
0 0.2030685920577617 0.5622743682310469 0.09476534296028875 0.5649819494584838
0 0.28293914582146285 0.5731046931407942 0.11101701521628016 0.6588447653429603
0 0.9185469314079421 0.3925992779783394 0.06362815884476532 0.203971119133574
0 0.9246389891696751 0.7084837545126353 0.14079422382671467 0.30505415162454874
0 0.8082129963898916 0.42418772563176893 0.13267148014440436 0.4693140794223827
0 0.6078519855595667 0.5324909747292419 0.1191335740072202 0.7653429602888088
0 0.4961642599277977 0.5740072202166064 0.10153429602888081 0.6606498194945849
0 0.40884476534296027 0.4404332129963899 0.04602888086642594 0.2346570397111914
0 0.41425992779783394 0.6940433212996391 0.0974729241877256 0.23285198555956682
0 0.3513086642599278 0.6010830324909747 0.04467509025270758 0.4548736462093863
0 0.7770758122743682 0.661552346570397 0.08122743682310471 0.4205776173285198
0 0.7472924187725631 0.5938628158844765 0.04873646209386294 0.12274368231046921
0 0.7195397111913358 0.44314079422382674 0.07445848375451262 0.44945848375451275
