1 0.25992779783393494 0.22202166064981946 0.197653429602888 0.31768953068592054
1 0.4393050541516244 0.16787003610108303 0.18546931407942233 0.28519855595667876
1 0.6457605967002306 0.17960288808664251 0.18953068592057748 0.2256317689530684
1 0.8156588447653428 0.16425992779783394 0.13673285198555946 0.2021660649819495
1 0.8122743682310468 0.4828519855595668 0.19765342960288806 0.3303249097472923
1 0.5800992779783393 0.5324909747292419 0.1529783393501805 0.259927797833935
1 0.4291516245487364 0.4774368231046931 0.1787003610108303 0.29783393501805056
1 0.25248194945848373 0.5135379061371841 0.161101083032491 0.17148014440433215
1 0.22743682310469304 0.7662454873646206 0.17057761732851975 0.29422382671480174
1 0.42305956678700357 0.76985559566787 0.19088447653429597 0.27978339350180514
1 0.5800992779783392 0.8276173285198556 0.11777978339350183 0.2328519855595671
1 0.7852001021795212 0.8203971119133575 0.24638679925106588 0.30144404332129937
