0 0.5533148714221002 0.08272599793320616 0.6762737317381226 0.1139177676457265
0 0.5795340401659579 0.15528076661232967 0.5587395270242778 0.08272599793320619
0 0.31824646199441065 0.2291916991919975 0.17720541633779685 0.07052052282830694
0 0.5379450138825976 0.238684846495808 0.4430135408444923 0.08950681743592799
0 0.6021367718416974 0.3064930415230261 0.6220271757163481 0.07323285062939534
0 0.44753408717964 0.3600615155945286 0.47556147445755687 0.039328753115786555
0 0.3110135878581741 0.46109572618508365 0.13380817152037724 0.03797258921524211
0 0.6726572946700045 0.41159574381521435 0.24953415770016285 0.05017806432014147
0 0.6039449903757567 0.4393971037763739 0.488219004195971 0.1166300954468153
0 0.5370409046155679 0.5506025436210118 0.6437257981250578 0.10306845644137182
0 0.3715889087491556 0.6387531971563953 0.24049306502986714 0.059671211623952086
0 0.6916434256336409 0.6807942780732708 0.34536941271732857 0.12747940665117022
0 0.5164419227825159 0.7661186860399181 0.7978154361373423 0.22218304415398513
0 0.5388491231496272 0.9023561991608059 0.5713970567626919 0.14104104565661388
0 0.5117258451387399 0.8318356763324991 0.4448217593785512 0.0976438008391942
