0 0.424789410348977 0.08754512635379061 0.5030084235860408 0.13176895306859204
0 0.26594464500601683 0.18682310469314078 0.18050541516245489 0.06317689530685916
0 0.6474127557160047 0.12906137184115524 0.3561973525872443 0.14259927797833935
0 0.29723225030084227 0.2536101083032491 0.13718411552346566 0.0487364620938628
0 0.6077015643802648 0.24638989169675093 0.4596871239470517 0.06317689530685922
0 0.44163658243080617 0.30866425992779783 0.5030084235860408 0.07220216606498195
0 0.5294825511432009 0.34386281588447654 0.6979542719614921 0.1462093862815884
0 0.5294825511432009 0.5370036101083032 0.8423586040914559 0.13898916967509023
0 0.6016847172081827 0.4043321299638989 0.2647412755716004 0.050541516245487375
0 0.5439229843561973 0.4629963898916967 0.6016847172081828 0.08844765342960287
0 0.5174488567990373 0.6471119133574007 0.7123947051744886 0.12093862815884471
0 0.5523465703971118 0.7346570397111912 0.5078219013237063 0.06859205776173283
0 0.5162454873646208 0.8113718411552346 0.6137184115523465 0.11371841155234662
0 0.4115523465703971 0.8601083032490975 0.2647412755716003 0.04873646209386294
0 0.5354993983152827 0.9133574007220215 0.6907340553549939 0.06137184115523454
