0 0.12454873646209386 0.41064981949458484 0.22472924187725632 0.7779783393501805
0 0.2944494584837545 0.2148014440433213 0.2477436823104693 0.27797833935018046
0 0.8948555956678699 0.35830324909747296 0.18953068592057748 0.240072202166065
0 0.7188628158844764 0.5081227436823105 0.10288808664259932 0.427797833935018
0 0.6985559566787003 0.7978339350180506 0.31407942238267145 0.05776173285198553
0 0.523240072202166 0.3574007220216606 0.20171480144404336 0.41155234657039713
0 0.27685018050541516 0.5902527075812274 0.06904332129963901 0.38989169675090246
0 0.41967509025270755 0.4747292418772563 0.1759927797833935 0.1913357400722022
1 0.34724729241877256 0.5595667870036101 0.10424187725631771 0.0974729241877256
1 0.398014440433213 0.6552346570397113 0.0595667870036101 0.0722021660649819
1 0.375 0.759927797833935 0.06498194945848375 0.07942238267148014
1 0.4602888086642599 0.7563176895306859 0.06768953068592061 0.0866425992779783
1 0.5543772563176895 0.7093862815884475 0.0879963898916968 0.11191335740072204
1 0.6295126353790613 0.7193140794223827 0.04873646209386287 0.08122743682310471
1 0.5117328519855595 0.5785198555956679 0.08393501805054157 0.0956678700361011
1 0.6660649819494584 0.5315884476534296 0.03519855595667878 0.09927797833935018
1 0.5543772563176895 0.3104693140794224 0.050090252707581155 0.11191335740072204
1 0.6132671480144404 0.37454873646209386 0.04602888086642601 0.11010830324909747
1 0.6721570397111912 0.38898916967509023 0.04738267148014444 0.1101083032490974
1 0.7784296028880866 0.5189530685920577 0.056859205776173385 0.08844765342960294
1 0.7872292418772563 0.6651624548736461 0.10153429602888081 0.11371841155234662
1 0.7858754512635377 0.20758122743682314 0.10424187725631767 0.13357400722021662
1 0.5672382671480144 0.2075812274368231 0.10288808664259917 0.05776173285198553
1 0.6721570397111912 0.24007220216606498 0.10694945848375453 0.1191335740072202
1 0.6268050541516245 0.625451263537906 0.06498194945848375 0.07039711191335747
