0 0.1191335740072202 0.5415162454873647 0.15974729241877256 0.8483754512635379
0 0.3973381636154908 0.16606498194945846 0.3262635379061372 0.075812274368231
0 0.6640342960288809 0.4268953068592058 0.22066787003610103 0.2942238267148015
0 0.8515342960288809 0.38447653429602885 0.08122743682310485 0.4296028880866426
0 0.8522111913357401 0.7842960288808665 0.1719314079422382 0.2220216606498195
0 0.648465703971119 0.6796028880866426 0.3546931407942238 0.07761732851985556
0 0.3885409985828694 0.5965703971119133 0.18953068592057765 0.22202166064981937
0 0.23962093862815884 0.7075812274368231 0.0595667870036101 0.4873646209386282
1 0.355370036101083 0.3095667870036101 0.04467509025270758 0.08483754512635379
1 0.3222021660649819 0.4530685920577618 0.056859205776173344 0.10108303249097475
1 0.40749097472924184 0.4296028880866426 0.0703971119133574 0.07942238267148014
1 0.4846570397111913 0.44494584837545126 0.07310469314079426 0.10288808664259932
1 0.44065884476534295 0.3176895306859206 0.07175090252707576 0.0685920577617329
1 0.490072202166065 0.23826714801444043 0.07581227436823106 0.12635379061371843
1 0.6369584837545126 0.2157039711191336 0.09882671480144417 0.11010830324909747
1 0.7615072202166064 0.21931407942238265 0.08258122743682307 0.10649819494584836
1 0.7892599277978338 0.4214801444043321 0.05415162454873638 0.07400722021660655
1 0.7696299638989168 0.5442238267148014 0.03655234657039699 0.09205776173285195
1 0.5489620938628158 0.5803249097472925 0.05821299638989167 0.08122743682310478
1 0.4352418268430581 0.7536101083032491 0.10424187725631767 0.11010830324909747
1 0.6992328519855594 0.7454873646209387 0.0988267148014441 0.05776173285198567
1 0.5435469314079422 0.7906137184115524 0.10153429602888081 0.03971119133574007
1 0.6024368231046932 0.8583032490974729 0.08664259927797843 0.030685920577617196
1 0.3215240337798486 0.7870036101083032 0.09341155234657039 0.12274368231046934
