0 0.0961191335740072 0.49007220216606484 0.17057761732851984 0.7743682310469312
0 0.18411552346570395 0.5027075812274369 0.1299638989169675 0.536101083032491
0 0.26398916967509023 0.3546931407942238 0.04332129963898915 0.12454873646209381
0 0.25857524419849065 0.6227436823104694 0.11101330428145788 0.31768953068592054
0 0.34386281588447654 0.5117328519855596 0.06498194945848372 0.5794223826714802
0 0.4115529650595341 0.6028880866425991 0.03519979293495286 0.24909747292418757
0 0.46164569172366343 0.5144404332129962 0.11371222666097601 0.6353790613718405
0 0.5374548736462095 0.4720216606498194 0.07851985559566792 0.5288808664259926
0 0.6058212996389891 0.4485559566787002 0.05279783393501802 0.391696750902527
0 0.6728339350180506 0.48736462093862826 0.11371841155234648 0.6389891696750903
0 0.7811371841155232 0.5045126353790613 0.12454873646209379 0.47111913357400725
0 0.8454422382671478 0.6191335740072202 0.07716606498194935 0.17689530685920574
0 0.8637184115523465 0.38447653429602896 0.05144404332129966 0.404332129963899
0 0.9212545126353793 0.48736462093862815 0.05009025270758131 0.43682310469314084
0 0.8000902527075812 0.38537906137184114 0.06498194945848383 0.22202166064981949
