0 0.33167870036101077 0.12093862815884476 0.611913357400722 0.20216606498194944
0 0.6829873646209386 0.29693140794223827 0.3479241877256319 0.08122743682310475
0 0.9205785450622251 0.32761732851985587 0.11371903004148386 0.4638989169675095
0 0.7493231046931408 0.7635379061371842 0.16922382671480152 0.18772563176895304
0 0.42644404332129965 0.7842960288808664 0.20848375451263543 0.27617328519855605
0 0.13605595667870035 0.5929602888086642 0.17463898916967507 0.20036101083032476
0 0.18546931407942235 0.4395306859205776 0.31949458483754506 0.07400722021660648
0 0.22202166064981946 0.296028880866426 0.30324909747292417 0.07942238267148018
1 0.8102436823104692 0.14530685920577618 0.0988267148014441 0.14259927797833935
1 0.6911101083032491 0.15433212996389892 0.1096570397111914 0.13898916967509023
1 0.43118231046931405 0.29693140794223827 0.06362815884476532 0.09205776173285195
1 0.44065884476534295 0.4151624548736461 0.07445848375451262 0.04332129963898915
1 0.5584386281588447 0.39981949458483756 0.10153429602888081 0.04512635379061379
1 0.6538808664259927 0.42418772563176893 0.06498194945848383 0.10108303249097475
1 0.7689530685920576 0.427797833935018 0.11642599277978334 0.09386281588447659
1 0.7682761732851984 0.5848375451263537 0.09611913357400724 0.12274368231046928
1 0.6471119133574007 0.6254512635379061 0.04602888086642594 0.11010830324909747
1 0.5841606498194944 0.5451263537906138 0.0744584837545127 0.11913357400722027
1 0.5191787003610108 0.5009025270758123 0.04738267148014444 0.07761732851985556
1 0.4684115523465704 0.5541516245487366 0.040613718411552424 0.10108303249097475
1 0.5185018050541516 0.6191335740072202 0.040613718411552355 0.0722021660649819
1 0.375 0.509927797833935 0.04602888086642601 0.09927797833935018
1 0.3106949458483754 0.5694945848375451 0.06362815884476532 0.07400722021660641
1 0.3986913357400722 0.6092057761732852 0.041967509025270786 0.07761732851985556
1 0.26805054151624547 0.6696750902527075 0.07851985559566789 0.12274368231046935
