1 0.2687274368231047 0.7716606498194946 0.07716606498194949 0.3808664259927798
1 0.3594314079422382 0.7725631768953067 0.07987364620938628 0.27075812274368233
1 0.4000451263537906 0.7824909747292419 0.04467509025270758 0.2942238267148014
1 0.49413357400722013 0.7906137184115524 0.12454873646209379 0.40794223826714804
1 0.5746841155234657 0.8619133574007221 0.18817689530685924 0.2653429602888087
1 0.15027075812274368 0.6389891696750902 0.11642599277978338 0.1696750902527075
1 0.1421480144404332 0.305956678700361 0.10288808664259927 0.11371841155234655
1 0.14688628158844763 0.12364620938628157 0.1204873646209386 0.20036101083032487
1 0.25248194945848373 0.101985559566787 0.11236462093862812 0.16064981949458484
1 0.37635286288001296 0.12093862815884475 0.1110126857923209 0.15884476534296027
1 0.4853339350180505 0.11462093862815884 0.07716606498194942 0.12815884476534298
1 0.25315884476534295 0.29241877256317683 0.10559566787003608 0.1768953068592057
1 0.34115523465703973 0.3375451263537906 0.0839350180505415 0.15884476534296038
1 0.46435018050541516 0.315884476534296 0.11642599277978341 0.20216606498194942
1 0.3479241877256317 0.4873646209386282 0.08664259927797832 0.12635379061371851
1 0.19562274368231045 0.4223826714801444 0.08258122743682311 0.14079422382671475
1 0.4765342960288808 0.509927797833935 0.13808664259927803 0.167870036101083
1 0.6376353790613717 0.08935018050541516 0.051444043321299586 0.0631768953068592
1 0.625451263537906 0.17418772563176893 0.0595667870036101 0.0667870036101083
1 0.638312274368231 0.2680505415162455 0.05821299638989167 0.08122743682310471
1 0.6180054151624548 0.3555956678700361 0.07445848375451262 0.06859205776173283
1 0.5834837545126353 0.44314079422382674 0.06498194945848383 0.0703971119133574
1 0.5780685920577616 0.5442238267148015 0.05415162454873645 0.08122743682310464
1 0.5821299638989169 0.6335740072202166 0.06498194945848383 0.05776173285198553
1 0.5746847340126027 0.7680505415162454 0.06633574007220218 0.08483754512635386
1 0.7425541516245486 0.8998194945848377 0.05550541516245488 0.11010830324909747
1 0.6701263537906137 0.7211191335740073 0.043321299638989216 0.10288808664259932
1 0.698558739879817 0.7111913357400721 0.03791170358634893 0.1552346570397112
1 0.8325812274368231 0.7969314079422383 0.11101083032490976 0.08483754512635386
1 0.7351083032490974 0.7536101083032491 0.032490974729241916 0.0631768953068591
1 0.7587996389891696 0.6227436823104694 0.03384476534296027 0.16606498194945857
1 0.6728339350180506 0.40974729241877256 0.09205776173285202 0.06859205776173283
1 0.6660649819494584 0.529783393501805 0.03790613718411549 0.15342960288808663
1 0.7114169675090253 0.5270758122743682 0.02572202166064983 0.15884476534296027
1 0.7080324909747291 0.20487364620938628 0.03790613718411549 0.17870036101083034
1 0.7506768953068592 0.2111913357400722 0.039259927797833855 0.12274368231046932
1 0.7418772563176895 0.3194945848375451 0.05144404332129952 0.05054151624548733
1 0.9361462093862815 0.16967509025270758 0.04467509025270758 0.046931407942238275
1 0.8718411552346569 0.17779783393501805 0.0595667870036101 0.06678700361010832
1 0.8034747292418771 0.26985559566787004 0.050090252707581155 0.167870036101083
1 0.8643953068592057 0.2581227436823104 0.028429602888086693 0.03610108303249095
1 0.9273465703971118 0.2635379061371841 0.05144404332129966 0.03971119133574007
1 0.8637184115523465 0.3348375451263538 0.056859205776173385 0.03429602888086645
1 0.9226083032490974 0.3438628158844766 0.039259927797833855 0.04873646209386287
1 0.7351083032490974 0.39620938628158847 0.03519855595667878 0.0595667870036101
1 0.8420577617328519 0.40974729241877256 0.07310469314079426 0.046931407942238226
1 0.9205776173285198 0.4169675090252707 0.05144404332129952 0.03249097472924184
1 0.8312274368231045 0.4864620938628159 0.08393501805054143 0.0487364620938628
1 0.9077166064981949 0.49729241877256314 0.041967509025270716 0.05234657039711195
1 0.8691335740072202 0.565884476534296 0.1272563176895308 0.05595667870036102
1 0.8528880866425993 0.6389891696750903 0.11371841155234662 0.07220216606498198
1 0.858980144404332 0.7193140794223826 0.039259927797833855 0.08483754512635372
1 0.7642157291777487 0.4449458483754512 0.044676945720118814 0.14620938628158844
