0 0.1841179974222521 0.8005415162454875 0.3222021660649819 0.09566787003610117
0 0.49548736462093856 0.8249097472924188 0.3113718411552347 0.08303249097472915
0 0.8210740072202165 0.7193140794223827 0.3425090252707582 0.21841155234657036
0 0.5293346039204468 0.3817689530685921 0.5740072202166062 0.6010830324909747
0 0.4176444043321299 0.5424187725631768 0.21254512635379055 0.29061371841155237
0 0.5800992779783393 0.6750902527075813 0.16651624548736457 0.2021660649819495
1 0.5415162454873645 0.2012635379061372 0.11101083032490976 0.14620938628158847
1 0.6579422382671478 0.32942238267148016 0.06227436823104696 0.08844765342960287
1 0.6884025270758122 0.23555956678700363 0.07987364620938635 0.04151624548736461
1 0.7750451263537905 0.2111913357400722 0.06092057761732846 0.07942238267148018
1 0.9097472924187724 0.7806859205776172 0.09205776173285202 0.10649819494584832
1 0.2714350180505415 0.7093862815884476 0.11236462093862816 0.09386281588447645
1 0.16922382671480143 0.7148014440433212 0.08393501805054152 0.07942238267148
1 0.08122743682310468 0.6949458483754511 0.07039711191335739 0.07942238267148027
1 0.06768953068592057 0.582129963898917 0.10018050541516244 0.09927797833935009
1 0.1638086642599278 0.5992779783393501 0.07039711191335739 0.07942238267148014
1 0.2694043321299639 0.5839350180505414 0.09747292418772563 0.0956678700361011
1 0.27346570397111913 0.45848375451263534 0.09747292418772563 0.12274368231046928
1 0.24165162454873645 0.3095667870036101 0.11507220216606498 0.11371841155234662
1 0.15162454873646208 0.30685920577617326 0.08935018050541516 0.09386281588447655
1 0.07851985559566786 0.3032490974729242 0.056859205776173274 0.12996389891696755
1 0.07919675090252708 0.45848375451263534 0.04196750902527077 0.12274368231046928
1 0.1638086642599278 0.46389891696750907 0.05415162454873647 0.13718411552346574
0 0.8102436823104692 0.4133574007220217 0.1773465703971118 0.2093862815884477
0 0.9205776173285198 0.36281588447653434 0.054151624548736524 0.4981949458483755
